 0.00000000e+00  0.00000000e+00 
 5.00000000e-11  1.73917649e-02 
 1.00000000e-10  3.44916478e-02 
 2.00000000e-10  6.82458048e-02 
 4.00000000e-10  1.33671751e-01 
 8.00000000e-10  2.59110908e-01 
 1.60000000e-09  4.95840507e-01 
 2.91769103e-09  8.27877051e-01 
 4.24324872e-09  1.12140891e+00 
 6.01146344e-09  1.47060867e+00 
 8.30343660e-09  1.80585768e+00 
 1.28873829e-08  2.31167995e+00 
 1.66390568e-08  2.70586273e+00 
 1.90731941e-08  2.86435915e+00 
 2.13722750e-08  2.92093453e+00 
 2.34904614e-08  2.95563761e+00 
 2.55343876e-08  3.01446492e+00 
 2.79412018e-08  3.09764563e+00 
 3.01433122e-08  3.15422636e+00 
 3.30667365e-08  3.20414825e+00 
 3.62378321e-08  3.22957200e+00 
 3.94315441e-08  3.24487848e+00 
 4.24960946e-08  3.29807414e+00 
 4.50663440e-08  3.39793214e+00 
 4.78069743e-08  3.54195880e+00 
 4.99225007e-08  3.58560265e+00 
 5.21974056e-08  3.49495066e+00 
 5.50667253e-08  3.22039392e+00 
 5.83768162e-08  2.52802222e+00 
 6.15299960e-08  1.74138886e+00 
 6.44972607e-08  1.09892951e+00 
 6.71814241e-08  5.74448520e-01 
 6.97968351e-08  1.46073075e-01 
 7.18882958e-08  3.22989845e-02 
 7.41358187e-08  3.36672079e-02 
 7.69535821e-08  6.91834511e-02 
 8.05098006e-08  9.91528644e-02 
 8.34179616e-08  1.03135202e-01 
 8.61799735e-08  7.77595365e-02 
 8.86347224e-08  4.76943617e-02 
 9.11962940e-08  4.09716671e-02 
 9.32649335e-08  4.51185897e-02 
 9.54229663e-08  3.25524532e-02 
 9.81203110e-08  3.83177802e-03 
 1.01871898e-07 -4.85091293e-02 
 1.04849186e-07 -1.07063643e-01 
 1.07576056e-07 -7.12679238e-02 
 1.10278943e-07  1.34244763e-01 
 1.12806391e-07  5.92197049e-01 
 1.15301191e-07  1.12220328e+00 
 1.17640235e-07  1.57762250e+00 
 1.20447174e-07  1.94882944e+00 
 1.23912966e-07  2.32469698e+00 
 1.26482562e-07  2.61255746e+00 
 1.28919869e-07  2.81352213e+00 
 1.31279367e-07  2.90037220e+00 
 1.34000652e-07  2.94930226e+00 
 1.36761715e-07  3.02491228e+00 
 1.39011467e-07  3.10226786e+00 
 1.41385159e-07  3.16109767e+00 
 1.44725706e-07  3.21267916e+00 
 1.47466724e-07  3.23003891e+00 
 1.49804804e-07  3.24034416e+00 
 1.52164150e-07  3.27386035e+00 
 1.54428446e-07  3.33248344e+00 
 1.56310056e-07  3.42361994e+00 
 1.58380094e-07  3.53749929e+00 
 1.60404017e-07  3.58841388e+00 
 1.62555238e-07  3.52286032e+00 
 1.65307971e-07  3.28213192e+00 
 1.68934900e-07  2.56693666e+00 
 1.72406299e-07  1.70848717e+00 
 1.74589038e-07  1.22457389e+00 
 1.76899774e-07  7.80615505e-01 
 1.78694886e-07  4.10317636e-01 
 1.80644199e-07  1.26109857e-01 
 1.82928175e-07  2.40204327e-02 
 1.85129284e-07  3.82552295e-02 
 1.87884922e-07  6.98904964e-02 
 1.91596097e-07  1.02482997e-01 
 1.95092432e-07  9.89865934e-02 
 1.98162683e-07  6.05601180e-02 
 2.01214748e-07  3.87701650e-02 
 2.04049507e-07  4.43887572e-02 
 2.06631804e-07  2.96670147e-02 
 2.09355283e-07 -6.33082927e-04 
 2.12559281e-07 -4.62925493e-02 
 2.15566104e-07 -1.06205072e-01 
 2.18385156e-07 -7.22758421e-02 
 2.20873115e-07  1.04218576e-01 
 2.23549775e-07  5.69330832e-01 
 2.26304209e-07  1.15456564e+00 
 2.29285127e-07  1.69648407e+00 
 2.32042523e-07  2.02758425e+00 
 2.34867269e-07  2.33701352e+00 
 2.37984691e-07  2.67552968e+00 
 2.41110593e-07  2.87776402e+00 
 2.44286530e-07  2.94447240e+00 
 2.46648039e-07  2.99301080e+00 
 2.48806989e-07  3.06823676e+00 
 2.51064564e-07  3.13424717e+00 
 2.53815907e-07  3.18971023e+00 
 2.56700076e-07  3.22144070e+00 
 2.60288315e-07  3.23937601e+00 
 2.63287751e-07  3.27725238e+00 
 2.65737592e-07  3.34989289e+00 
 2.67670556e-07  3.45270283e+00 
 2.69741160e-07  3.55842572e+00 
 2.71899721e-07  3.58195149e+00 
 2.74462650e-07  3.44898655e+00 
 2.77619616e-07  3.09149603e+00 
 2.80849174e-07  2.34100221e+00 
 2.83959861e-07  1.55999798e+00 
 2.86994141e-07  9.40651754e-01 
 2.89988471e-07  3.60022413e-01 
 2.93026956e-07  3.20650913e-02 
 2.95949837e-07  3.27736515e-02 
 2.98641505e-07  6.78409505e-02 
 3.01484364e-07  9.29317491e-02 
 3.04317508e-07  1.05470634e-01 
 3.07015179e-07  8.98890082e-02 
 3.09426629e-07  5.54015299e-02 
 3.12171012e-07  3.95975036e-02 
 3.14582179e-07  4.49865742e-02 
 3.17039365e-07  3.45922001e-02 
 3.19662676e-07  6.13734242e-03 
 3.22886601e-07 -3.31796091e-02 
 3.27173067e-07 -1.05396374e-01 
 3.31236368e-07  3.33917515e-02 
 3.33593926e-07  3.53707017e-01 
 3.36566641e-07  9.79423078e-01 
 3.38665063e-07  1.41470580e+00 
 3.41038508e-07  1.79103687e+00 
 3.43905391e-07  2.10028110e+00 
 3.46300691e-07  2.38603605e+00 
 3.48811530e-07  2.65008993e+00 
 3.51312962e-07  2.84297499e+00 
 3.53934223e-07  2.91809698e+00 
 3.55998346e-07  2.95176822e+00 
 3.58319607e-07  3.01228122e+00 
 3.60365229e-07  3.08463610e+00 
 3.62569043e-07  3.14451695e+00 
 3.65465591e-07  3.19793734e+00 
 3.69803304e-07  3.23393666e+00 
 3.74025712e-07  3.26723446e+00 
 3.76427716e-07  3.32831180e+00 
 3.79809493e-07  3.49915739e+00 
 3.82602398e-07  3.58420573e+00 
 3.85445925e-07  3.47170530e+00 
 3.88425840e-07  3.16409635e+00 
 3.90682858e-07  2.68213622e+00 
 3.93278225e-07  2.03755252e+00 
 3.95895171e-07  1.40814551e+00 
 3.98536590e-07  8.82955811e-01 
 4.00847284e-07  4.21706925e-01 
 4.03110918e-07  1.01733374e-01 
 4.05253894e-07  2.52269910e-02 
 4.07642352e-07  4.23751544e-02 
 4.10326465e-07  7.12041463e-02 
 4.13598397e-07  1.01870438e-01 
 4.17034148e-07  1.00490752e-01 
 4.20760304e-07  5.71316199e-02 
 4.24475844e-07  3.78099741e-02 
 4.27815464e-07  3.85161056e-02 
 4.30953271e-07  8.25404878e-03 
 4.34210344e-07 -3.37673733e-02 
 4.36719676e-07 -8.87135202e-02 
 4.39098314e-07 -1.08904018e-01 
 4.41961800e-07 -5.76919678e-04 
 4.44383759e-07  2.82615162e-01 
 4.47028491e-07  8.25213696e-01 
 4.49189805e-07  1.28643920e+00 
 4.51459246e-07  1.68559242e+00 
 4.54389900e-07  2.03489910e+00 
 4.57028236e-07  2.32609695e+00 
 4.60229177e-07  2.67353807e+00 
 4.63267675e-07  2.87463606e+00 
 4.65973847e-07  2.93549109e+00 
 4.67992010e-07  2.96678950e+00 
 4.70130768e-07  3.03525597e+00 
 4.72293610e-07  3.10706762e+00 
 4.74759633e-07  3.16640815e+00 
 4.78433335e-07  3.21834628e+00 
 4.81697552e-07  3.23525990e+00 
 4.84767845e-07  3.26273193e+00 
 4.87000526e-07  3.31346881e+00 
 4.89960015e-07  3.44943051e+00 
 4.92362387e-07  3.56550454e+00 
 4.94863748e-07  3.56386993e+00 
 4.97393055e-07  3.39451350e+00 
 5.01074368e-07  2.81858059e+00 
 5.05066239e-07  1.84742919e+00 
 5.08823635e-07  1.02995095e+00 
 5.11235794e-07  5.53672668e-01 
 5.14087290e-07  1.16945107e-01 
 5.16192192e-07  2.74801883e-02 
 5.18495696e-07  3.91040489e-02 
 5.21348163e-07  7.17498697e-02 
 5.24940232e-07  1.02769593e-01 
 5.28453755e-07  9.88842781e-02 
 5.32287005e-07  5.15318928e-02 
 5.34590828e-07  3.90941237e-02 
 5.37059986e-07  4.46376526e-02 
 5.39904961e-07  2.88952703e-02 
 5.42556239e-07 -3.32894093e-04 
 5.46558849e-07 -6.29166210e-02 
 5.50472148e-07 -1.06484869e-01 
 5.54129246e-07  1.17780961e-01 
 5.56899079e-07  6.10561553e-01 
 5.59954736e-07  1.24994829e+00 
 5.62706549e-07  1.73356670e+00 
 5.65527930e-07  2.05647640e+00 
 5.68178562e-07  2.35698471e+00 
 5.71132484e-07  2.67202444e+00 
 5.74358895e-07  2.88206814e+00 
 5.77588154e-07  2.94635743e+00 
 5.80057695e-07  3.00108130e+00 
 5.82228691e-07  3.07658064e+00 
 5.84519754e-07  3.14116253e+00 
 5.87459401e-07  3.19687102e+00 
 5.91252142e-07  3.22982966e+00 
 5.95056469e-07  3.25284927e+00 
 5.98022930e-07  3.31632656e+00 
 6.00702342e-07  3.44157762e+00 
 6.03713008e-07  3.57438600e+00 
 6.06022809e-07  3.55264013e+00 
 6.08724461e-07  3.35482803e+00 
 6.12141490e-07  2.78396957e+00 
 6.14392386e-07  2.22462212e+00 
 6.16596422e-07  1.68322851e+00 
 6.18903796e-07  1.17132276e+00 
 6.21086439e-07  7.53237839e-01 
 6.23573213e-07  2.72857698e-01 
 6.25864135e-07  5.15798368e-02 
 6.28094608e-07  2.42740436e-02 
 6.30801296e-07  6.02988666e-02 
 6.34430460e-07  9.12139196e-02 
 6.38569161e-07  1.05292098e-01 
 6.42475504e-07  5.91902190e-02 
 6.44975337e-07  4.01381596e-02 
 6.47928141e-07  4.40870339e-02 
 6.50177632e-07  3.43744737e-02 
 6.52812427e-07  5.11628743e-03 
 6.56227915e-07 -3.83366597e-02 
 6.58979923e-07 -9.85465354e-02 
 6.61542536e-07 -9.69255583e-02 
 6.64192060e-07  3.74463087e-02 
 6.66914081e-07  4.34328212e-01 
 6.69846852e-07  1.05460191e+00 
 6.72256219e-07  1.53437484e+00 
 6.74727493e-07  1.88457311e+00 
 6.78076119e-07  2.23637724e+00 
 6.80206595e-07  2.49979595e+00 
 6.82252378e-07  2.69394754e+00 
 6.84303093e-07  2.84428156e+00 
 6.86381800e-07  2.90511489e+00 
 6.88890488e-07  2.95050491e+00 
 6.91378769e-07  3.01676135e+00 
 6.93548846e-07  3.09287038e+00 
 6.95850448e-07  3.15269997e+00 
 6.98936109e-07  3.20531853e+00 
 7.03075370e-07  3.23517828e+00 
 7.06969535e-07  3.26796306e+00 
 7.09806229e-07  3.34849220e+00 
 7.12681876e-07  3.50178813e+00 
 7.15625244e-07  3.58356171e+00 
 7.18539596e-07  3.45315349e+00 
 7.21461609e-07  3.13790858e+00 
 7.24522848e-07  2.44877428e+00 
 7.27369581e-07  1.73065098e+00 
 7.30039132e-07  1.14612023e+00 
 7.32634179e-07  6.41906228e-01 
 7.35214438e-07  1.88092980e-01 
 7.37597231e-07  2.95111803e-02 
 7.39856967e-07  3.23865764e-02 
 7.42908246e-07  7.15383850e-02 
 7.46765120e-07  1.00971980e-01 
 7.50335528e-07  9.95140781e-02 
 7.54429518e-07  4.78495126e-02 
 7.56727578e-07  3.93634763e-02 
 7.59305229e-07  4.37077476e-02 
 7.61891752e-07  2.62157152e-02 
 7.65137203e-07 -8.48048310e-03 
 7.68369218e-07 -6.35756349e-02 
 7.71491888e-07 -1.13319941e-01 
 7.73815231e-07 -5.14462221e-02 
 7.76094719e-07  1.31517815e-01 
 7.78289493e-07  5.22762035e-01 
 7.80603871e-07  1.01797463e+00 
 7.83086191e-07  1.51606941e+00 
 7.85656006e-07  1.88394638e+00 
 7.88967030e-07  2.22954982e+00 
 7.91677400e-07  2.55560513e+00 
 7.93705491e-07  2.73823486e+00 
 7.95914993e-07  2.87166540e+00 
 7.97974831e-07  2.91984662e+00 
 8.00010202e-07  2.95343170e+00 
 8.01998411e-07  3.00590277e+00 
 8.04030642e-07  3.07841959e+00 
 8.06200073e-07  3.13898466e+00 
 8.08783786e-07  3.18981943e+00 
 8.12528203e-07  3.22738684e+00 
 8.16312199e-07  3.24759834e+00 
 8.19721267e-07  3.31504791e+00 
 8.23527796e-07  3.49333948e+00 
 8.27658082e-07  3.55806470e+00 
 8.30969356e-07  3.31567238e+00 
 8.34559182e-07  2.63802176e+00 
 8.38175587e-07  1.75347387e+00 
 8.41773908e-07  9.89261323e-01 
 8.44844256e-07  3.89974996e-01 
 8.47840296e-07  4.29031880e-02 
 8.50289438e-07  2.56217711e-02 
 8.52999909e-07  6.30906831e-02 
 8.56117472e-07  8.77606672e-02 
 8.59951165e-07  1.07489909e-01 
 8.64379315e-07  6.17277877e-02 
 8.68553007e-07  3.63637215e-02 
 8.72312785e-07  3.52377288e-02 
 8.76243093e-07 -6.44902816e-03 
 8.79789719e-07 -6.96841338e-02 
 8.83643500e-07 -1.03338792e-01 
 8.86586900e-07  4.76289750e-02 
 8.89503252e-07  5.07473741e-01 
 8.92487693e-07  1.13756792e+00 
 8.94918235e-07  1.60442207e+00 
 8.97652731e-07  1.96026795e+00 
 9.00922719e-07  2.31243438e+00 
 9.03549540e-07  2.61027281e+00 
 9.06004638e-07  2.81249836e+00 
 9.08790570e-07  2.91127448e+00 
 9.10989585e-07  2.94766022e+00 
 9.13531875e-07  3.01362645e+00 
 9.15569876e-07  3.08565485e+00 
 9.17795256e-07  3.14590861e+00 
 9.20908860e-07  3.20175415e+00 
 9.25195144e-07  3.23490379e+00 
 9.29408725e-07  3.27077225e+00 
 9.33585942e-07  3.42615535e+00 
 9.36835119e-07  3.57115593e+00 
 9.39406010e-07  3.53581246e+00 
 9.42183432e-07  3.31293856e+00 
 9.45983618e-07  2.58740039e+00 
 9.49584217e-07  1.69310500e+00 
 9.52980404e-07  9.86617009e-01 
 9.55509244e-07  4.83142831e-01 
 9.58344113e-07  8.69338113e-02 
 9.60547238e-07  2.34584193e-02 
 9.62917292e-07  4.68786145e-02 
 9.65813906e-07  7.47813153e-02 
 9.69542508e-07  1.07260200e-01 
 9.73051829e-07  9.28739686e-02 
 9.76420737e-07  4.85583555e-02 
 9.79717963e-07  3.95462392e-02 
 9.82391958e-07  4.02461272e-02 
 9.85295724e-07  1.38670760e-02 
 9.88255295e-07 -1.78918104e-02 
 9.90712109e-07 -6.72005954e-02 
 9.93074996e-07 -1.10323889e-01 
 9.95303363e-07 -8.46992040e-02 
 9.97521016e-07  4.30969346e-02 
 1.00000000e-06  4.00502019e-01 
